3
7
10
11
14
15
19
20
25
30
36
40
41
53
57
58
66
70
71
83
89
92
98
126
129
133
140
142
143
148
154
164
166
170
175
179
181
183
190
197
200
201
204
205
208
223
224
226
227
231
260
265
278
284
287
290
298
308
309
310
313
318
321
325
329
334
343
344
346
347
354
355
357
365
366
368
373
376
382
389
396
398
399
409
418
435
436
439
445
452
457
462
466
480
483
495
505
507
524
526
529
535
537
541
544
546
552
553
557
558
562
574
575
578
579
581
582
594
597
611
619
625
627
635
638
642
643
647
652
656
660
669
673
679
683
692
698
699
701
702
708
711
718
719
721
726
732
747
750
751
754
758
775
776
781
785
788
797
799
807
810
815
824
828
829
843
846
848
851
858
866
868
872
878
879
882
884
887
889
897
899
900
901
905
906
914
920
921
923
931
935
941
945
954
957
958
964
971
977
978
979
984
992
993
994
998
1001
1008
1012
1015
1016
1019
1020
1025
1040
1041
1045
1052
1055
1066
1068
1069
1074
1075
1077
1078
1082
1086
1089
1090
1097
1110
1112
1113
1121
1122
1130
1140
1151
1154
1157
1170
1173
1182
1190
1202
1206
1218
1222
1226
1227
1229
1233
1236
1239
1240
1241
1250
1254
1268
1273
1281
1290
1294
1296
1314
1323
1326
1328
1330
1331
1340
1343
1345
1354
1357
1359
1360
1363
1375
1378
1379
1380
1400
1402
1407
1409
1411
1418
1420
1425
1429
1437
1439
1443
1449
1459
1460
1464
1467
1477
1478
1486
1487
1496
1497
1504
1506
1513
1526
1531
1538
1556
1557
1559
1563
1565
1566
1567
1576
1590
1592
1596
1600
1613
1620
1622
1629
1666
1671
1673
1689
1699
1705
1706
1713
1716
1728
1731
1735
1745
1746
1757
1758
1759
1761
1765
1767
1769
1778
1798
1800
1804
1807
1808
1814
1821
1824
1829
1838
1840
1844
1846
1868
1874
1881
1882
1884
1889
1890
1892
1896
1900
1902
1904
1907
1910
1915
1916
1921
1924
1925
1930
1931
1932
1933
1941
1945
1960
1967
1970
1972
1973
1976
1978
1979
1980
1981
2006
2008
2009
2015
2016
2022
2030
2031
2036
2038
2040
2044
2045
2052
2063
2071
2077
2082
2084
2089
2099
2101
2103
2109
2114
2121
2124
2129
2130
2134
2144
2148
2150
2153
2159
2165
2167
2168
2171
2172
2183
2186
2189
2195
2199
2200
2202
2208
2215
2216
2218
2220
2222
2232
2233
2235
2240
2243
2244
2245
2246
2247
2251
2260
2267
2274
2275
2278
2280
2285
2291
2293
2297
2298
2304
2305
2310
2315
2316
2320
2323
2330
2334
2336
2341
2343
2345
2351
2353
2355
2359
2366
2390
2391
2395
2401
2404
2407
2409
2414
2423
2424
2425
2428
2437
2439
2441
2454
2460
2464
2466
2469
2474
2480
2483
2491
2496
2498
2506
2509
2517
2524
2529
2530
2534
2543
2549
2552
2563
2571
2572
2574
2581
2585
2599
2606
2618
2621
2628
2641
2652
2653
2662
2664
2667
2669
2670
2673
2676
2682
2694
2697
2702
2703
2708
2717
2720
2732
2736
2744
2750
2762
2766
2768
2776
2781
2783
2787
2794
2795
2801
2809
2812
2815
2818
2825
2826
2833
2840
2846
2851
2876
2880
2883
2885
2894
2901
2903
2905
2906
2914
2916
2917
2922
2926
2929
2930
2944
2945
2951
2953
2955
2964
2966
2972
2975
2985
2987
3001
3021
3024
3027
3040
3045
3048
3055
3061
3078
3082
3084
3093
3097
3099
3110
3115
3116
3121
3131
3134
3141
3147
3151
3154
3158
3160
3163
3171
3173
3176
3189
3191
3194
3222
3224
3225
3230
3239
3242
3246
3247
3253
3264
3269
3271
3273
3291
3298
3300
3306
3313
3319
3324
3340
3344
3346
3347
3359
3363
3376
3377
3378
3381
3389
3390
3391
3393
3401
3405
3424
3427
3428
3434
3435
3447
3453
3458
3461
3462
3466
3469
3471
3475
3479
3487
3491
3495
3505
3510
3517
3519
3531
3533
3538
3545
3549
3554
3562
3563
3572
3573
3575
3577
3583
3587
3592
3602
3605
3608
3611
3613
3615
3616
3623
3630
3642
3645
3653
3656
3661
3663
3680
3685
3691
3692
3704
3712
3713
3727
3734
3736
3754
3758
3759
3762
3763
3767
3779
3780
3783
3799
3803
3805
3807
3810
3814
3827
3832
3834
3842
3848
3851
3858
3878
3879
3887
3896
3897
3901
3907
3922
3923
3933
3935
3939
3945
3951
3961
3962
3966
3968
3971
3981
3984
3985
3987
3989
3991
3993
3998
4004
4011
4012
4016
4019
4023
4028
4030
4040
4044
4048
4051
4064
4065
4068
4070
4072
4089
4090
4096
4098
4104
4111
4124
4128
4130
4134
4150
4159
4160
4161
4163
4166
4173
4177
4186
4188
4192
4201
4202
4205
4208
4210
4211
4225
4229
4231
4238
4239
4247
4256
4269
4272
4275
4278
4279
4282
4285
4287
4292
4300
4313
4315
4316
4320
4340
4342
4360
4371
4377
4379
4380
4382
4385
4388
4393
4406
4410
4421
4437
4441
4448
4449
4462
4465
4466
4478
4480
4482
4489
4492
4505
4513
4517
4524
4531
4539
4559
4565
4589
4593
4600
4602
4605
4610
4613
4615
4622
4626
4630
4633
4637
4640
4648
4649
4653
4656
4670
4671
4679
4697
4698
4701
4709
4713
4716
4725
4730
4732
4736
4740
4747
4766
4772
4778
4779
4781
4782
4784
4785
4787
4792
4805
4812
4814
4820
4829
4831
4839
4844
4848
4849
4853
4854
4855
4857
4863
4868
4869
4873
4880
4883
4891
4899
4908
4916
4918
4919
4926
4928
4932
4942
4944
4948
4950
4952
4955
4958
4973
4979
4994
4998
4999
5000
5002
5007
5009
5013
5014
5024
5027
5041
5042
5051
5054
5055
5057
5060
5064
5068
5069
5070
5076
5082
5089
5090
5094
5095
5109
5118
5123
5124
5129
5130
5132
5133
5137
5139
5141
5142
5148
5151
5154
5157
5160
5162
5167
5175
5181
5187
5190
5191
5201
5205
5207
5211
5213
5223
5224
5225
5226
5228
5230
5237
5239
5240
5242
5247
5248
5250
5264
5265
5266
5267
5268
5271
5280
5295
5311
5315
5322
5325
5343
5356
5363
5366
5375
5377
5385
5390
5392
5402
5404
5406
5411
5417
5420
5421
5422
5423
5429
5430
5432
5435
5436
5437
5441
5449
5456
5463
5467
5471
5477
5485
5493
5494
5495
5499
5506
5510
5522
5523
5524
5534
5535
5539
5542
5550
5561
5569
5585
5589
5595
5599
5604
5610
5612
5617
5627
5637
5638
5659
5664
5674
5680
5691
5697
5700
5702
5703
5705
5715
5717
5719
5722
5723
5728
5733
5734
5737
5742
5744
5747
5765
5766
5771
5773
5781
5788
5790
5791
5796
5798
5802
5810
5812
5814
5818
5819
5830
5831
5832
5838
5839
5861
5866
5870
5874
5875
5881
5882
5886
5890
5918
5923
5932
5933
5936
5938
5940
5944
5951
5958
5960
5961
5968
5973
5975
6008
6012
6014
6019
6023
6028
6034
6046
6051
6057
6059
6061
6072
6076
6089
6096
6098
6103
6106
6113
6115
6127
6128
6132
6138
6139
6140
6144
6148
6155
6161
6164
6173
6177
6182
6184
6185
6190
6197
6204
6205
6208
6218
6223
6229
6231
6241
6242
6244
6247
6248
6253
6271
6278
6279
6287
6291
6295
6301
6311
6312
6317
6322
6324
6327
6328
6329
6333
6338
6339
6342
6348
6349
6351
6361
6371
6372
6376
6382
6391
6393
6395
6396
6397
6401
6410
6413
6417
6423
6424
6428
6429
6435
6446
6457
6463
6465
6467
6468
6471
6477
6478
6479
6481
6482
6484
6492
6502
6504
6508
6509
6515
6516
6517
6523
6530
6532
6535
6543
6546
6559
6564
6579
6581
6584
6585
6587
6588
6599
6601
6602
6610
6612
6614
6621
6626
6631
6638
6650
6652
6659
6663
6670
6675
6692
6695
6696
6698
6706
6712
6721
6732
6741
6757
6761
6767
6774
6778
6781
6788
6789
6790
6799
6809
6814
6815
6816
6825
6834
6835
6836
6839
6840
6853
6854
6858
6861
6862
6864
6869
6877
6889
6904
6906
6907
6916
6917
6927
6936
6939
6942
6956
6960
6965
6967
6973
6975
6983
6985
6986
6998
6999
7004
7017
7024
7029
7039
7046
7047
7048
7061
7074
7079
7087
7088
7090
7096
7115
7116
7117
7123
7126
7140
7144
7146
7157
7161
7168
7169
7175
7176
7185
7187
7217
7222
7225
7226
7228
7234
7242
7247
7254
7261
7268
7280
7296
7301
7305
7314
7323
7335
7346
7347
7356
7359
7360
7364
7366
7369
7373
7381
7383
7384
7385
7387
7391
7402
7404
7419
7424
7425
7426
7430
7449
7460
7468
7469
7477
7483
7489
7493
7498
7504
7507
7509
7510
7512
7516
7518
7528
7533
7545
7550
7551
7552
7555
7565
7567
7576
7577
7578
7591
7601
7603
7605
7606
7609
7614
7615
7616
7624
7632
7634
7636
7638
7643
7646
7650
7654
7657
7659
7681
7682
7688
7703
7711
7723
7725
7729
7730
7741
7746
7749
7755
7763
7764
7790
7796
7803
7804
7805
7806
7812
7819
7821
7828
7839
7853
7854
7857
7881
7888
7891
7893
7901
7904
7908
7910
7911
7914
7929
7933
7955
7956
7962
7963
7971
7972
7976
7991
7992
7998
8002
8006
8019
8022
8029
8030
8031
8044
8048
8049
8050
8056
8062
8067
8069
8072
8075
8087
8089
8096
8111
8118
8130
8139
8142
8144
8147
8166
8167
8173
8175
8177
8182
8184
8187
8201
8209
8214
8215
8221
8225
8233
8236
8237
8244
8252
8256
8265
8267
8269
8276
8291
8304
8305
8311
8316
8319
8321
8327
8329
8331
8342
8348
8353
8354
8357
8360
8366
8368
8369
8373
8399
8400
8409
8411
8424
8429
8433
8436
8438
8439
8441
8448
8449
8463
8483
8488
8489
8499
8501
8504
8507
8510
8512
8514
8515
8516
8518
8519
8523
8526
8532
8538
8550
8571
8572
8573
8583
8584
8591
8596
8597
8601
8603
8614
8616
8617
8630
8631
8632
8633
8642
8650
8653
8654
8666
8668
8675
8676
8679
8680
8704
8705
8711
8715
8716
8738
8740
8746
8755
8757
8759
8776
8777
8782
8788
8793
8801
8815
8817
8824
8827
8840
8846
8855
8856
8859
8861
8868
8871
8876
8877
8883
8893
8894
8895
8899
8913
8915
8918
8924
8926
8936
8941
8943
8945
8957
8960
8970
8980
8996
8999
9002
9006
9009
9020
9023
9028
9029
9038
9041
9046
9052
9067
9072
9074
9087
9093
9094
9096
9097
9112
9120
9131
9138
9148
9151
9158
9167
9170
9171
9182
9185
9186
9189
9190
9192
9193
9194
9196
9200
9202
9204
9205
9206
9208
9210
9216
9224
9227
9229
9237
9241
9246
9248
9251
9256
9258
9261
9267
9271
9274
9279
9297
9298
9299
9303
9313
9317
9325
9331
9334
9335
9339
9347
9352
9353
9360
9371
9375
9378
9383
9385
9391
9404
9412
9418
9421
9436
9449
9451
9452
9455
9459
9462
9464
9470
9474
9477
9482
9483
9487
9496
9505
9510
9515
9519
9520
9525
9540
9544
9562
9564
9566
9568
9570
9572
9576
9577
9586
9589
9601
9606
9615
9616
9620
9631
9632
9650
9651
9659
9661
9662
9668
9671
9676
9679
9681
9689
9697
9698
9700
9701
9704
9713
9714
9721
9726
9727
9737
9740
9742
9749
9751
9772
9780
9781
9782
9785
9787
9791
9792
9795
9796
9804
9813
9815
9818
9842
9847
9850
9851
9854
9863
9867
9871
9873
9874
9877
9890
9892
9893
9896
9900
9902
9905
9915
9916
9917
9926
9927
9939
9940
9943
9945
9948
9949
9953
9964
9971
9981
9986
9994
9999
10012
10014
10019
10020
10032
10034
10049
10056
10058
10069
10073
10078
10083
10090
10096
10101
10104
10111
10114
10121
10122
10125
10127
10129
10133
10137
10138
10142
10152
10153
10155
10167
10171
10174
10175
10181
10185
10187
10194
10204
10207
10208
10213
10219
10234
10235
10243
10244
10253
10259
10264
10267
10271
10273
10277
10288
10293
10320
10327
10334
10337
10345
10346
10347
10354
10372
10374
10379
10397
10399
10403
10414
10416
10419
10434
10444
10449
10455
10456
10457
10470
10474
10475
10478
10495
10502
10512
10518
10522
10523
10526
10528
10547
10552
10557
10567
10569
10573
10574
10575
10584
10585
10593
10595
10596
10598
10604
10618
10625
10628
10629
10631
10638
10644
10645
10658
10662
10672
10675
10679
10684
10693
10703
10707
10714
10715
10716
10718
10731
10735
10737
10740
10749
10760
10770
10778
10784
10792
10796
10799
10802
10804
10807
10808
10813
10817
10822
10827
10832
10834
10840
10845
10848
10858
10861
10868
10873
10878
10885
10893
10898
10903
10904
10906
10907
10908
10917
10920
10928
10932
10935
10936
10939
10943
10947
10951
10963
10970
10974
10978
10979
10981
10982
10987
10994
10996
10997
10999
11006
11007
11008
11011
11015
11029
11034
11044
11050
11060
11067
11078
11079
11080
11089
11096
11106
11115
11119
11120
11124
11128
11131
11133
11143
11146
11147
11149
11155
11161
11163
11165
11166
11173
11185
11192
11193
11195
11198
11205
11216
11217
11223
11227
11228
11230
11235
11236
11242
11246
11250
11255
11258
11265
11267
11270
11275
11288
11290
11297
11303
11304
11312
11316
11323
11336
11341
11351
11353
11357
11368
11369
11372
11382
11395
11396
11416
11422
11433
11435
11441
11443
11444
11447
11455
11466
11490
11508
11511
11523
11536
11540
11541
11544
11549
11568
11573
11577
11578
11583
11588
11589
11590
11593
11601
11629
11647
11657
11659
11661
11663
11665
11666
11668
11675
11681
11700
11703
11715
11725
11727
11731
11741
11743
11746
11748
11763
11764
11765
11775
11777
11780
11790
11791
11793
11800
11804
11812
11816
11818
11826
11827
11832
11837
11839
11845
11847
11854
11855
11857
11864
11868
11870
11873
11877
11878
11879
11888
11891
11915
11924
11933
11935
11942
11948
11962
11965
11977
11987
11988
11992
11993
12000
12004
12005
12008
12009
12016
12025
12028
12036
12037
12039
12044
12050
12059
12065
12068
12079
12093
12094
12109
12111
12116
12117
12124
12125
12127
12140
12151
12152
12154
12159
12172
12188
12191
12192
12198
12211
12221
12222
12224
12229
12235
12236
12239
12245
12247
12251
12255
12261
12267
12268
12270
12272
12276
12277
12279
12282
12292
12324
12325
12333
12338
12343
12352
12358
12362
12382
12383
12385
12391
12393
12400
12401
12416
12417
12423
12435
12437
12438
12441
12447
12458
12462
12463
12469
12474
12487
12492
12494
12495
12498
12508
12518
12519
12527
12528
12532
12534
12539
12547
12552
12569
12570
12600
12605
12609
12617
12618
12621
12622
12623
12629
12632
12633
12636
12637
12640
12652
12666
12669
12674
12683
12684
12687
12699
12701
12703
12713
12714
12719
12720
12722
12729
12730
12732
12736
12745
12747
12749
12760
12761
12764
12766
12771
12776
12784
12805
12816
12817
12819
12821
12831
12832
12833
12841
12843
12845
12862
12864
12871
12875
12880
12892
12895
12897
12899
12901
12909
12917
12937
12944
12956
12962
12977
12981
12982
12983
12985
12990
13000
13007
13013
13023
13034
13037
13039
13043
13044
13050
13053
13054
13061
13063
13066
13069
13074
13075
13077
13079
13084
13085
13089
13097
13101
13102
13103
13105
13117
13118
13119
13125
13128
13137
13139
13144
13145
13148
13149
13150
13161
13162
13165
13175
13176
13178
13181
13185
13191
13204
13212
13213
13220
13227
13231
13247
13249
13251
13254
13255
13257
13262
13266
13267
13268
13269
13271
13272
13274
13280
13293
13294
13303
13304
13305
13310
13317
13323
13328
13329
13330
13351
13354
13358
13360
13368
13375
13377
13381
13384
13386
13388
13389
13402
13404
13405
13408
13409
13415
13420
13421
13425
13426
13440
13441
13442
13444
13454
13455
13462
13464
13481
13494
13500
13504
13523
13543
13545
13550
13554
13555
13559
13569
13574
13577
13579
13580
13581
13584
13585
13589
13595
13596
13598
13612
13614
13616
13617
13624
13631
13634
13635
13638
13644
13648
13658
13663
13669
13670
13672
13675
13686
13687
13701
13703
13717
13721
13728
13730
13740
13742
13747
13748
13753
13757
13764
13767
13768
13783
13784
13790
13795
13797
13798
13810
13815
13817
13820
13827
13831
13839
13840
13846
13851
13852
13868
13871
13880
13888
13899
13908
13912
13913
13930
13939
13957
13971
13976
13980
13982
13991
13992
13993
13996
14004
14011
14012
14017
14029
14040
14048
14052
14055
14056
14057
14058
14065
14066
14074
14076
14077
14082
14086
14090
14093
14099
14101
14106
14113
14116
14119
14126
14128
14135
14138
14141
14142
14144
14146
14154
14157
14159
14174
14175
14179
14181
14184
14186
14188
14193
14201
14204
14210
14221
14223
14225
14228
14229
14236
14242
14252
14255
14259
14269
14274
14278
14290
14299
14303
14306
14309
14313
14320
14321
14336
14346
14348
14350
14363
14368
14375
14382
14383
14391
14392
14397
14405
14407
14411
14415
14427
14436
14441
14444
14445
14446
14450
14453
14469
14479
14481
14483
14498
14508
14510
14512
14513
14518
14520
14521
14536
14540
14542
14556
14562
14568
14581
14587
14589
14590
14592
14604
14606
14607
14614
14624
14626
14630
14636
14640
14643
14647
14649
14652
14660
14662
14678
14688
14690
14691
14692
14693
14708
14717
14720
14727
14735
14736
14738
14739
14743
14755
14771
14790
14792
14801
14802
14817
14822
14826
14828
14830
14832
14835
14841
14850
14858
14859
14864
14869
14891
14899
14918
14939
14940
14950
14957
14968
14969
14978
14980
14987
14999
15000
15001
15005
15009
15013
15015
15018
15021
15025
15036
15039
15041
15042
15044
15046
15051
15061
15073
15079
15083
15090
15097
15101
15105
15108
15119
15121
15123
15127
15142
15143
15148
15151
15154
15157
15173
15178
15184
15190
15206
15208
15212
15213
15219
15224
15227
15233
15236
15238
15245
15246
15255
15268
15278
15288
15289
15291
15297
15298
15302
15307
15310
15314
15320
15325
15326
15334
15338
15339
15348
15362
15365
15366
15370
15379
15384
15391
15392
15398
15402
15409
15410
15417
15423
15436
15439
15441
15448
15449
15453
15454
15457
15459
15464
15475
15476
15480
15482
15492
15495
15499
15503
15505
15522
15524
15528
15532
15539
15546
15560
15561
15566
15569
15579
15580
15582
15584
15585
15590
15594
15595
15601
15606
15610
15611
15612
15618
15622
15633
15645
15661
15674
15681
15689
15690
15692
15694
15696
15700
15702
15708
15719
15725
15728
15730
15732
15736
15748
15749
15770
15785
15791
15792
15806
15807
15808
15809
15813
15815
15824
15825
15833
15834
15836
15840
15847
15867
15871
15874
15891
15896
15917
15918
15926
15928
15931
15937
15942
15956
15964
15989
15996
15997
15999
16000
16009
16021
16028
16030
16032
16036
16037
16040
16044
16052
16060
16061
16066
16068
16072
16073
16078
16082
16083
16087
16088
16099
16101
16103
16120
16130
16134
16152
16153
16155
16156
16158
16159
16162
16163
16165
16174
16175
16184
16185
16190
16201
16209
16224
16231
16237
16240
16243
16244
16245
16250
16252
16254
16255
16261
16265
16278
16280
